# Created by Octave 4.4.1, Sat Mar 27 17:31:57 2021 +03 <cem@debian>
# name: ans
# type: scalar
0


# name: dx
# type: scalar
0.10000000000000001


# name: f
# type: function handle
@<anonymous>
@(x, y) 3 - 2 * y


# name: f1
# type: function handle
@<anonymous>
@(x, y) 3 - 2 * y


# name: f11
# type: function handle
@<anonymous>
@(x, y) y .* (4 - y)


# name: f12
# type: function handle
@<anonymous>
@(x, y) -y .* (5 - y)


# name: f13
# type: function handle
@<anonymous>
@(x, y) y .* y


# name: f14
# type: function handle
@<anonymous>
@(x, y) y .* (y - 2) .* (y - 2)


# name: f2
# type: function handle
@<anonymous>
@(x, y) 2 * y - 3


# name: f23
# type: function handle
@<anonymous>
@(x, y) (-y + 70) * 0.05


# name: f25
# type: function handle
@<anonymous>
@(x, y) 9.8 - y .* y * 2 / 490


# name: f26
# type: function handle
@<anonymous>
@(t, y) -2 + t - y


# name: f27
# type: function handle
@<anonymous>
@(t, y) t .* exp (-2 * t) - 2 * y


# name: f3
# type: function handle
@<anonymous>
@(x, y) 3 + 2 * y


# name: f4
# type: function handle
@<anonymous>
@(x, y) -1 - 2 * y


# name: f5
# type: function handle
@<anonymous>
@(x, y) 1 + 2 * y


# name: f6
# type: function handle
@<anonymous>
@(x, y) y + 2


# name: u
# type: matrix
# rows: 21
# columns: 21
 0.10000000000000001 0.10000000000000001 0.10000000000000001 0.10000000000000001 0.10000000000000001 0.10000000000000001 0.10000000000000001 0.10000000000000001 0.10000000000000001 0.10000000000000001 0.10000000000000001 0.10000000000000001 0.10000000000000001 0.10000000000000001 0.10000000000000001 0.10000000000000001 0.10000000000000001 0.10000000000000001 0.10000000000000001 0.10000000000000001 0.10000000000000001
 0.10000000000000001 0.10000000000000001 0.10000000000000001 0.10000000000000001 0.10000000000000001 0.10000000000000001 0.10000000000000001 0.10000000000000001 0.10000000000000001 0.10000000000000001 0.10000000000000001 0.10000000000000001 0.10000000000000001 0.10000000000000001 0.10000000000000001 0.10000000000000001 0.10000000000000001 0.10000000000000001 0.10000000000000001 0.10000000000000001 0.10000000000000001
 0.10000000000000001 0.10000000000000001 0.10000000000000001 0.10000000000000001 0.10000000000000001 0.10000000000000001 0.10000000000000001 0.10000000000000001 0.10000000000000001 0.10000000000000001 0.10000000000000001 0.10000000000000001 0.10000000000000001 0.10000000000000001 0.10000000000000001 0.10000000000000001 0.10000000000000001 0.10000000000000001 0.10000000000000001 0.10000000000000001 0.10000000000000001
 0.10000000000000001 0.10000000000000001 0.10000000000000001 0.10000000000000001 0.10000000000000001 0.10000000000000001 0.10000000000000001 0.10000000000000001 0.10000000000000001 0.10000000000000001 0.10000000000000001 0.10000000000000001 0.10000000000000001 0.10000000000000001 0.10000000000000001 0.10000000000000001 0.10000000000000001 0.10000000000000001 0.10000000000000001 0.10000000000000001 0.10000000000000001
 0.10000000000000001 0.10000000000000001 0.10000000000000001 0.10000000000000001 0.10000000000000001 0.10000000000000001 0.10000000000000001 0.10000000000000001 0.10000000000000001 0.10000000000000001 0.10000000000000001 0.10000000000000001 0.10000000000000001 0.10000000000000001 0.10000000000000001 0.10000000000000001 0.10000000000000001 0.10000000000000001 0.10000000000000001 0.10000000000000001 0.10000000000000001
 0.10000000000000001 0.10000000000000001 0.10000000000000001 0.10000000000000001 0.10000000000000001 0.10000000000000001 0.10000000000000001 0.10000000000000001 0.10000000000000001 0.10000000000000001 0.10000000000000001 0.10000000000000001 0.10000000000000001 0.10000000000000001 0.10000000000000001 0.10000000000000001 0.10000000000000001 0.10000000000000001 0.10000000000000001 0.10000000000000001 0.10000000000000001
 0.10000000000000001 0.10000000000000001 0.10000000000000001 0.10000000000000001 0.10000000000000001 0.10000000000000001 0.10000000000000001 0.10000000000000001 0.10000000000000001 0.10000000000000001 0.10000000000000001 0.10000000000000001 0.10000000000000001 0.10000000000000001 0.10000000000000001 0.10000000000000001 0.10000000000000001 0.10000000000000001 0.10000000000000001 0.10000000000000001 0.10000000000000001
 0.10000000000000001 0.10000000000000001 0.10000000000000001 0.10000000000000001 0.10000000000000001 0.10000000000000001 0.10000000000000001 0.10000000000000001 0.10000000000000001 0.10000000000000001 0.10000000000000001 0.10000000000000001 0.10000000000000001 0.10000000000000001 0.10000000000000001 0.10000000000000001 0.10000000000000001 0.10000000000000001 0.10000000000000001 0.10000000000000001 0.10000000000000001
 0.10000000000000001 0.10000000000000001 0.10000000000000001 0.10000000000000001 0.10000000000000001 0.10000000000000001 0.10000000000000001 0.10000000000000001 0.10000000000000001 0.10000000000000001 0.10000000000000001 0.10000000000000001 0.10000000000000001 0.10000000000000001 0.10000000000000001 0.10000000000000001 0.10000000000000001 0.10000000000000001 0.10000000000000001 0.10000000000000001 0.10000000000000001
 0.10000000000000001 0.10000000000000001 0.10000000000000001 0.10000000000000001 0.10000000000000001 0.10000000000000001 0.10000000000000001 0.10000000000000001 0.10000000000000001 0.10000000000000001 0.10000000000000001 0.10000000000000001 0.10000000000000001 0.10000000000000001 0.10000000000000001 0.10000000000000001 0.10000000000000001 0.10000000000000001 0.10000000000000001 0.10000000000000001 0.10000000000000001
 0.10000000000000001 0.10000000000000001 0.10000000000000001 0.10000000000000001 0.10000000000000001 0.10000000000000001 0.10000000000000001 0.10000000000000001 0.10000000000000001 0.10000000000000001 0.10000000000000001 0.10000000000000001 0.10000000000000001 0.10000000000000001 0.10000000000000001 0.10000000000000001 0.10000000000000001 0.10000000000000001 0.10000000000000001 0.10000000000000001 0.10000000000000001
 0.10000000000000001 0.10000000000000001 0.10000000000000001 0.10000000000000001 0.10000000000000001 0.10000000000000001 0.10000000000000001 0.10000000000000001 0.10000000000000001 0.10000000000000001 0.10000000000000001 0.10000000000000001 0.10000000000000001 0.10000000000000001 0.10000000000000001 0.10000000000000001 0.10000000000000001 0.10000000000000001 0.10000000000000001 0.10000000000000001 0.10000000000000001
 0.10000000000000001 0.10000000000000001 0.10000000000000001 0.10000000000000001 0.10000000000000001 0.10000000000000001 0.10000000000000001 0.10000000000000001 0.10000000000000001 0.10000000000000001 0.10000000000000001 0.10000000000000001 0.10000000000000001 0.10000000000000001 0.10000000000000001 0.10000000000000001 0.10000000000000001 0.10000000000000001 0.10000000000000001 0.10000000000000001 0.10000000000000001
 0.10000000000000001 0.10000000000000001 0.10000000000000001 0.10000000000000001 0.10000000000000001 0.10000000000000001 0.10000000000000001 0.10000000000000001 0.10000000000000001 0.10000000000000001 0.10000000000000001 0.10000000000000001 0.10000000000000001 0.10000000000000001 0.10000000000000001 0.10000000000000001 0.10000000000000001 0.10000000000000001 0.10000000000000001 0.10000000000000001 0.10000000000000001
 0.10000000000000001 0.10000000000000001 0.10000000000000001 0.10000000000000001 0.10000000000000001 0.10000000000000001 0.10000000000000001 0.10000000000000001 0.10000000000000001 0.10000000000000001 0.10000000000000001 0.10000000000000001 0.10000000000000001 0.10000000000000001 0.10000000000000001 0.10000000000000001 0.10000000000000001 0.10000000000000001 0.10000000000000001 0.10000000000000001 0.10000000000000001
 0.10000000000000001 0.10000000000000001 0.10000000000000001 0.10000000000000001 0.10000000000000001 0.10000000000000001 0.10000000000000001 0.10000000000000001 0.10000000000000001 0.10000000000000001 0.10000000000000001 0.10000000000000001 0.10000000000000001 0.10000000000000001 0.10000000000000001 0.10000000000000001 0.10000000000000001 0.10000000000000001 0.10000000000000001 0.10000000000000001 0.10000000000000001
 0.10000000000000001 0.10000000000000001 0.10000000000000001 0.10000000000000001 0.10000000000000001 0.10000000000000001 0.10000000000000001 0.10000000000000001 0.10000000000000001 0.10000000000000001 0.10000000000000001 0.10000000000000001 0.10000000000000001 0.10000000000000001 0.10000000000000001 0.10000000000000001 0.10000000000000001 0.10000000000000001 0.10000000000000001 0.10000000000000001 0.10000000000000001
 0.10000000000000001 0.10000000000000001 0.10000000000000001 0.10000000000000001 0.10000000000000001 0.10000000000000001 0.10000000000000001 0.10000000000000001 0.10000000000000001 0.10000000000000001 0.10000000000000001 0.10000000000000001 0.10000000000000001 0.10000000000000001 0.10000000000000001 0.10000000000000001 0.10000000000000001 0.10000000000000001 0.10000000000000001 0.10000000000000001 0.10000000000000001
 0.10000000000000001 0.10000000000000001 0.10000000000000001 0.10000000000000001 0.10000000000000001 0.10000000000000001 0.10000000000000001 0.10000000000000001 0.10000000000000001 0.10000000000000001 0.10000000000000001 0.10000000000000001 0.10000000000000001 0.10000000000000001 0.10000000000000001 0.10000000000000001 0.10000000000000001 0.10000000000000001 0.10000000000000001 0.10000000000000001 0.10000000000000001
 0.10000000000000001 0.10000000000000001 0.10000000000000001 0.10000000000000001 0.10000000000000001 0.10000000000000001 0.10000000000000001 0.10000000000000001 0.10000000000000001 0.10000000000000001 0.10000000000000001 0.10000000000000001 0.10000000000000001 0.10000000000000001 0.10000000000000001 0.10000000000000001 0.10000000000000001 0.10000000000000001 0.10000000000000001 0.10000000000000001 0.10000000000000001
 0.10000000000000001 0.10000000000000001 0.10000000000000001 0.10000000000000001 0.10000000000000001 0.10000000000000001 0.10000000000000001 0.10000000000000001 0.10000000000000001 0.10000000000000001 0.10000000000000001 0.10000000000000001 0.10000000000000001 0.10000000000000001 0.10000000000000001 0.10000000000000001 0.10000000000000001 0.10000000000000001 0.10000000000000001 0.10000000000000001 0.10000000000000001


# name: v
# type: matrix
# rows: 21
# columns: 21
 -0.20000000000000001 -0.19 -0.18000000000000002 -0.17000000000000001 -0.16000000000000003 -0.15000000000000002 -0.13999999999999999 -0.12999999999999998 -0.12 -0.11000000000000001 -0.10000000000000001 -0.089999999999999997 -0.079999999999999988 -0.069999999999999993 -0.059999999999999991 -0.050000000000000003 -0.039999999999999994 -0.029999999999999985 -0.019999999999999997 -0.0099999999999999881 0
 -0.19 -0.18000000000000002 -0.17000000000000004 -0.16000000000000003 -0.15000000000000002 -0.13999999999999999 -0.12999999999999998 -0.12 -0.11000000000000001 -0.10000000000000001 -0.090000000000000011 -0.080000000000000002 -0.069999999999999993 -0.059999999999999998 -0.049999999999999989 -0.040000000000000008 -0.029999999999999995 -0.019999999999999987 -0.0099999999999999985 1.1102230246251566e-17 0.0099999999999999985
 -0.18000000000000002 -0.17000000000000004 -0.16000000000000003 -0.15000000000000002 -0.13999999999999999 -0.13 -0.12 -0.11000000000000001 -0.10000000000000001 -0.090000000000000011 -0.080000000000000016 -0.069999999999999993 -0.059999999999999991 -0.050000000000000003 -0.039999999999999994 -0.030000000000000006 -0.019999999999999997 -0.0099999999999999881 0 0.010000000000000009 0.019999999999999997
 -0.17000000000000001 -0.16000000000000003 -0.15000000000000002 -0.13999999999999999 -0.12999999999999998 -0.12 -0.10999999999999999 -0.099999999999999992 -0.089999999999999997 -0.080000000000000002 -0.069999999999999993 -0.059999999999999991 -0.049999999999999982 -0.039999999999999994 -0.029999999999999985 -0.019999999999999997 -0.0099999999999999881 2.2204460492503132e-17 0.010000000000000009 0.020000000000000018 0.030000000000000006
 -0.16000000000000003 -0.15000000000000002 -0.13999999999999999 -0.12999999999999998 -0.12 -0.11000000000000001 -0.099999999999999992 -0.089999999999999997 -0.080000000000000002 -0.069999999999999993 -0.059999999999999998 -0.049999999999999989 -0.03999999999999998 -0.029999999999999995 -0.019999999999999987 -0.0099999999999999985 1.1102230246251566e-17 0.010000000000000021 0.020000000000000007 0.030000000000000016 0.040000000000000008
 -0.15000000000000002 -0.13999999999999999 -0.13 -0.12 -0.11000000000000001 -0.10000000000000001 -0.089999999999999997 -0.080000000000000002 -0.069999999999999993 -0.059999999999999998 -0.050000000000000003 -0.039999999999999994 -0.029999999999999985 -0.019999999999999997 -0.0099999999999999881 0 0.010000000000000009 0.020000000000000018 0.030000000000000006 0.040000000000000015 0.050000000000000003
 -0.13999999999999999 -0.12999999999999998 -0.12 -0.10999999999999999 -0.099999999999999992 -0.089999999999999997 -0.079999999999999988 -0.069999999999999993 -0.059999999999999991 -0.049999999999999989 -0.039999999999999994 -0.029999999999999985 -0.019999999999999976 -0.0099999999999999881 2.2204460492503132e-17 0.010000000000000009 0.020000000000000018 0.030000000000000027 0.040000000000000015 0.050000000000000024 0.060000000000000012
 -0.12999999999999998 -0.12 -0.11000000000000001 -0.099999999999999992 -0.089999999999999997 -0.080000000000000002 -0.069999999999999993 -0.059999999999999991 -0.049999999999999989 -0.039999999999999994 -0.029999999999999995 -0.019999999999999987 -0.0099999999999999759 1.1102230246251566e-17 0.010000000000000021 0.020000000000000007 0.030000000000000016 0.040000000000000029 0.050000000000000017 0.060000000000000026 0.070000000000000007
 -0.12 -0.11000000000000001 -0.10000000000000001 -0.089999999999999997 -0.080000000000000002 -0.069999999999999993 -0.059999999999999991 -0.049999999999999989 -0.039999999999999994 -0.029999999999999995 -0.019999999999999997 -0.0099999999999999881 2.2204460492503132e-17 0.010000000000000009 0.020000000000000018 0.030000000000000006 0.040000000000000015 0.050000000000000024 0.060000000000000012 0.070000000000000021 0.080000000000000016
 -0.11000000000000001 -0.10000000000000001 -0.090000000000000011 -0.080000000000000002 -0.069999999999999993 -0.059999999999999998 -0.049999999999999989 -0.039999999999999994 -0.029999999999999995 -0.019999999999999997 -0.0099999999999999985 1.1102230246251566e-17 0.010000000000000021 0.020000000000000007 0.030000000000000016 0.040000000000000008 0.050000000000000017 0.060000000000000026 0.070000000000000007 0.080000000000000016 0.090000000000000011
 -0.10000000000000001 -0.090000000000000011 -0.080000000000000016 -0.069999999999999993 -0.059999999999999998 -0.050000000000000003 -0.039999999999999994 -0.029999999999999995 -0.019999999999999997 -0.0099999999999999985 0 0.010000000000000009 0.020000000000000018 0.030000000000000006 0.040000000000000015 0.050000000000000003 0.060000000000000012 0.070000000000000021 0.080000000000000016 0.090000000000000024 0.10000000000000001
 -0.089999999999999997 -0.080000000000000002 -0.069999999999999993 -0.059999999999999991 -0.049999999999999989 -0.039999999999999994 -0.029999999999999985 -0.019999999999999987 -0.0099999999999999881 1.1102230246251566e-17 0.010000000000000009 0.020000000000000018 0.030000000000000027 0.040000000000000015 0.050000000000000024 0.060000000000000012 0.070000000000000021 0.080000000000000029 0.090000000000000024 0.10000000000000003 0.11000000000000001
 -0.079999999999999988 -0.069999999999999993 -0.059999999999999991 -0.049999999999999982 -0.03999999999999998 -0.029999999999999985 -0.019999999999999976 -0.0099999999999999759 2.2204460492503132e-17 0.010000000000000021 0.020000000000000018 0.030000000000000027 0.040000000000000036 0.050000000000000024 0.060000000000000032 0.070000000000000021 0.080000000000000029 0.090000000000000038 0.10000000000000003 0.11000000000000004 0.12000000000000002
 -0.069999999999999993 -0.059999999999999998 -0.050000000000000003 -0.039999999999999994 -0.029999999999999995 -0.019999999999999997 -0.0099999999999999881 1.1102230246251566e-17 0.010000000000000009 0.020000000000000007 0.030000000000000006 0.040000000000000015 0.050000000000000024 0.060000000000000012 0.070000000000000021 0.080000000000000016 0.090000000000000024 0.10000000000000003 0.11000000000000001 0.12000000000000002 0.13
 -0.059999999999999991 -0.049999999999999989 -0.039999999999999994 -0.029999999999999985 -0.019999999999999987 -0.0099999999999999881 2.2204460492503132e-17 0.010000000000000021 0.020000000000000018 0.030000000000000016 0.040000000000000015 0.050000000000000024 0.060000000000000032 0.070000000000000021 0.080000000000000029 0.090000000000000024 0.10000000000000003 0.11000000000000004 0.12000000000000002 0.13000000000000003 0.14000000000000001
 -0.050000000000000003 -0.040000000000000008 -0.030000000000000006 -0.019999999999999997 -0.0099999999999999985 0 0.010000000000000009 0.020000000000000007 0.030000000000000006 0.040000000000000008 0.050000000000000003 0.060000000000000012 0.070000000000000021 0.080000000000000016 0.090000000000000024 0.10000000000000001 0.11000000000000001 0.12000000000000002 0.13 0.14000000000000001 0.15000000000000002
 -0.039999999999999994 -0.029999999999999995 -0.019999999999999997 -0.0099999999999999881 1.1102230246251566e-17 0.010000000000000009 0.020000000000000018 0.030000000000000016 0.040000000000000015 0.050000000000000017 0.060000000000000012 0.070000000000000021 0.080000000000000029 0.090000000000000024 0.10000000000000003 0.11000000000000001 0.12000000000000002 0.13000000000000003 0.14000000000000001 0.15000000000000002 0.16000000000000003
 -0.029999999999999985 -0.019999999999999987 -0.0099999999999999881 2.2204460492503132e-17 0.010000000000000021 0.020000000000000018 0.030000000000000027 0.040000000000000029 0.050000000000000024 0.060000000000000026 0.070000000000000021 0.080000000000000029 0.090000000000000038 0.10000000000000003 0.11000000000000004 0.12000000000000002 0.13000000000000003 0.14000000000000004 0.15000000000000002 0.16000000000000003 0.17000000000000004
 -0.019999999999999997 -0.0099999999999999985 0 0.010000000000000009 0.020000000000000007 0.030000000000000006 0.040000000000000015 0.050000000000000017 0.060000000000000012 0.070000000000000007 0.080000000000000016 0.090000000000000024 0.10000000000000003 0.11000000000000001 0.12000000000000002 0.13 0.14000000000000001 0.15000000000000002 0.16000000000000003 0.17000000000000004 0.18000000000000002
 -0.0099999999999999881 1.1102230246251566e-17 0.010000000000000009 0.020000000000000018 0.030000000000000016 0.040000000000000015 0.050000000000000024 0.060000000000000026 0.070000000000000021 0.080000000000000016 0.090000000000000024 0.10000000000000003 0.11000000000000004 0.12000000000000002 0.13000000000000003 0.14000000000000001 0.15000000000000002 0.16000000000000003 0.17000000000000004 0.18000000000000005 0.19000000000000003
 0 0.0099999999999999985 0.019999999999999997 0.030000000000000006 0.040000000000000008 0.050000000000000003 0.060000000000000012 0.070000000000000007 0.080000000000000016 0.090000000000000011 0.10000000000000001 0.11000000000000001 0.12000000000000002 0.13 0.14000000000000001 0.15000000000000002 0.16000000000000003 0.17000000000000004 0.18000000000000002 0.19000000000000003 0.20000000000000001


# name: vals
# type: matrix
# rows: 21
# columns: 21
 0.00067379469990854672 0.0011108996538242307 0.001831563888873418 0.0030197383422318502 0.0049787068367863948 0.008208499862389881 0.013533528323661276 0.022313016014842993 0.036787944117144242 0.060653065971263354 0.10000000000000001 0.16487212707001289 0.27182818284590476 0.44816890703380657 0.73890560989306575 1.2182493960703473 2.0085536923187677 3.3115451958692343 5.4598150033144242 9.00171313005219 14.841315910257661
 0.00067379469990854672 0.0011108996538242307 0.001831563888873418 0.0030197383422318502 0.0049787068367863948 0.008208499862389881 0.013533528323661276 0.022313016014842993 0.036787944117144242 0.060653065971263354 0.10000000000000001 0.16487212707001289 0.27182818284590476 0.44816890703380657 0.73890560989306575 1.2182493960703473 2.0085536923187677 3.3115451958692343 5.4598150033144242 9.00171313005219 14.841315910257661
 0.00067379469990854672 0.0011108996538242307 0.001831563888873418 0.0030197383422318502 0.0049787068367863948 0.008208499862389881 0.013533528323661276 0.022313016014842993 0.036787944117144242 0.060653065971263354 0.10000000000000001 0.16487212707001289 0.27182818284590476 0.44816890703380657 0.73890560989306575 1.2182493960703473 2.0085536923187677 3.3115451958692343 5.4598150033144242 9.00171313005219 14.841315910257661
 0.00067379469990854672 0.0011108996538242307 0.001831563888873418 0.0030197383422318502 0.0049787068367863948 0.008208499862389881 0.013533528323661276 0.022313016014842993 0.036787944117144242 0.060653065971263354 0.10000000000000001 0.16487212707001289 0.27182818284590476 0.44816890703380657 0.73890560989306575 1.2182493960703473 2.0085536923187677 3.3115451958692343 5.4598150033144242 9.00171313005219 14.841315910257661
 0.00067379469990854672 0.0011108996538242307 0.001831563888873418 0.0030197383422318502 0.0049787068367863948 0.008208499862389881 0.013533528323661276 0.022313016014842993 0.036787944117144242 0.060653065971263354 0.10000000000000001 0.16487212707001289 0.27182818284590476 0.44816890703380657 0.73890560989306575 1.2182493960703473 2.0085536923187677 3.3115451958692343 5.4598150033144242 9.00171313005219 14.841315910257661
 0.00067379469990854672 0.0011108996538242307 0.001831563888873418 0.0030197383422318502 0.0049787068367863948 0.008208499862389881 0.013533528323661276 0.022313016014842993 0.036787944117144242 0.060653065971263354 0.10000000000000001 0.16487212707001289 0.27182818284590476 0.44816890703380657 0.73890560989306575 1.2182493960703473 2.0085536923187677 3.3115451958692343 5.4598150033144242 9.00171313005219 14.841315910257661
 0.00067379469990854672 0.0011108996538242307 0.001831563888873418 0.0030197383422318502 0.0049787068367863948 0.008208499862389881 0.013533528323661276 0.022313016014842993 0.036787944117144242 0.060653065971263354 0.10000000000000001 0.16487212707001289 0.27182818284590476 0.44816890703380657 0.73890560989306575 1.2182493960703473 2.0085536923187677 3.3115451958692343 5.4598150033144242 9.00171313005219 14.841315910257661
 0.00067379469990854672 0.0011108996538242307 0.001831563888873418 0.0030197383422318502 0.0049787068367863948 0.008208499862389881 0.013533528323661276 0.022313016014842993 0.036787944117144242 0.060653065971263354 0.10000000000000001 0.16487212707001289 0.27182818284590476 0.44816890703380657 0.73890560989306575 1.2182493960703473 2.0085536923187677 3.3115451958692343 5.4598150033144242 9.00171313005219 14.841315910257661
 0.00067379469990854672 0.0011108996538242307 0.001831563888873418 0.0030197383422318502 0.0049787068367863948 0.008208499862389881 0.013533528323661276 0.022313016014842993 0.036787944117144242 0.060653065971263354 0.10000000000000001 0.16487212707001289 0.27182818284590476 0.44816890703380657 0.73890560989306575 1.2182493960703473 2.0085536923187677 3.3115451958692343 5.4598150033144242 9.00171313005219 14.841315910257661
 0.00067379469990854672 0.0011108996538242307 0.001831563888873418 0.0030197383422318502 0.0049787068367863948 0.008208499862389881 0.013533528323661276 0.022313016014842993 0.036787944117144242 0.060653065971263354 0.10000000000000001 0.16487212707001289 0.27182818284590476 0.44816890703380657 0.73890560989306575 1.2182493960703473 2.0085536923187677 3.3115451958692343 5.4598150033144242 9.00171313005219 14.841315910257661
 0.00067379469990854672 0.0011108996538242307 0.001831563888873418 0.0030197383422318502 0.0049787068367863948 0.008208499862389881 0.013533528323661276 0.022313016014842993 0.036787944117144242 0.060653065971263354 0.10000000000000001 0.16487212707001289 0.27182818284590476 0.44816890703380657 0.73890560989306575 1.2182493960703473 2.0085536923187677 3.3115451958692343 5.4598150033144242 9.00171313005219 14.841315910257661
 0.00067379469990854672 0.0011108996538242307 0.001831563888873418 0.0030197383422318502 0.0049787068367863948 0.008208499862389881 0.013533528323661276 0.022313016014842993 0.036787944117144242 0.060653065971263354 0.10000000000000001 0.16487212707001289 0.27182818284590476 0.44816890703380657 0.73890560989306575 1.2182493960703473 2.0085536923187677 3.3115451958692343 5.4598150033144242 9.00171313005219 14.841315910257661
 0.00067379469990854672 0.0011108996538242307 0.001831563888873418 0.0030197383422318502 0.0049787068367863948 0.008208499862389881 0.013533528323661276 0.022313016014842993 0.036787944117144242 0.060653065971263354 0.10000000000000001 0.16487212707001289 0.27182818284590476 0.44816890703380657 0.73890560989306575 1.2182493960703473 2.0085536923187677 3.3115451958692343 5.4598150033144242 9.00171313005219 14.841315910257661
 0.00067379469990854672 0.0011108996538242307 0.001831563888873418 0.0030197383422318502 0.0049787068367863948 0.008208499862389881 0.013533528323661276 0.022313016014842993 0.036787944117144242 0.060653065971263354 0.10000000000000001 0.16487212707001289 0.27182818284590476 0.44816890703380657 0.73890560989306575 1.2182493960703473 2.0085536923187677 3.3115451958692343 5.4598150033144242 9.00171313005219 14.841315910257661
 0.00067379469990854672 0.0011108996538242307 0.001831563888873418 0.0030197383422318502 0.0049787068367863948 0.008208499862389881 0.013533528323661276 0.022313016014842993 0.036787944117144242 0.060653065971263354 0.10000000000000001 0.16487212707001289 0.27182818284590476 0.44816890703380657 0.73890560989306575 1.2182493960703473 2.0085536923187677 3.3115451958692343 5.4598150033144242 9.00171313005219 14.841315910257661
 0.00067379469990854672 0.0011108996538242307 0.001831563888873418 0.0030197383422318502 0.0049787068367863948 0.008208499862389881 0.013533528323661276 0.022313016014842993 0.036787944117144242 0.060653065971263354 0.10000000000000001 0.16487212707001289 0.27182818284590476 0.44816890703380657 0.73890560989306575 1.2182493960703473 2.0085536923187677 3.3115451958692343 5.4598150033144242 9.00171313005219 14.841315910257661
 0.00067379469990854672 0.0011108996538242307 0.001831563888873418 0.0030197383422318502 0.0049787068367863948 0.008208499862389881 0.013533528323661276 0.022313016014842993 0.036787944117144242 0.060653065971263354 0.10000000000000001 0.16487212707001289 0.27182818284590476 0.44816890703380657 0.73890560989306575 1.2182493960703473 2.0085536923187677 3.3115451958692343 5.4598150033144242 9.00171313005219 14.841315910257661
 0.00067379469990854672 0.0011108996538242307 0.001831563888873418 0.0030197383422318502 0.0049787068367863948 0.008208499862389881 0.013533528323661276 0.022313016014842993 0.036787944117144242 0.060653065971263354 0.10000000000000001 0.16487212707001289 0.27182818284590476 0.44816890703380657 0.73890560989306575 1.2182493960703473 2.0085536923187677 3.3115451958692343 5.4598150033144242 9.00171313005219 14.841315910257661
 0.00067379469990854672 0.0011108996538242307 0.001831563888873418 0.0030197383422318502 0.0049787068367863948 0.008208499862389881 0.013533528323661276 0.022313016014842993 0.036787944117144242 0.060653065971263354 0.10000000000000001 0.16487212707001289 0.27182818284590476 0.44816890703380657 0.73890560989306575 1.2182493960703473 2.0085536923187677 3.3115451958692343 5.4598150033144242 9.00171313005219 14.841315910257661
 0.00067379469990854672 0.0011108996538242307 0.001831563888873418 0.0030197383422318502 0.0049787068367863948 0.008208499862389881 0.013533528323661276 0.022313016014842993 0.036787944117144242 0.060653065971263354 0.10000000000000001 0.16487212707001289 0.27182818284590476 0.44816890703380657 0.73890560989306575 1.2182493960703473 2.0085536923187677 3.3115451958692343 5.4598150033144242 9.00171313005219 14.841315910257661
 0.00067379469990854672 0.0011108996538242307 0.001831563888873418 0.0030197383422318502 0.0049787068367863948 0.008208499862389881 0.013533528323661276 0.022313016014842993 0.036787944117144242 0.060653065971263354 0.10000000000000001 0.16487212707001289 0.27182818284590476 0.44816890703380657 0.73890560989306575 1.2182493960703473 2.0085536923187677 3.3115451958692343 5.4598150033144242 9.00171313005219 14.841315910257661


# name: xp
# type: matrix
# rows: 21
# columns: 21
 -1 -0.90000000000000002 -0.80000000000000004 -0.69999999999999996 -0.59999999999999998 -0.5 -0.39999999999999991 -0.29999999999999993 -0.19999999999999996 -0.099999999999999978 0 0.10000000000000009 0.20000000000000018 0.30000000000000004 0.40000000000000013 0.5 0.60000000000000009 0.70000000000000018 0.80000000000000004 0.90000000000000013 1
 -1 -0.90000000000000002 -0.80000000000000004 -0.69999999999999996 -0.59999999999999998 -0.5 -0.39999999999999991 -0.29999999999999993 -0.19999999999999996 -0.099999999999999978 0 0.10000000000000009 0.20000000000000018 0.30000000000000004 0.40000000000000013 0.5 0.60000000000000009 0.70000000000000018 0.80000000000000004 0.90000000000000013 1
 -1 -0.90000000000000002 -0.80000000000000004 -0.69999999999999996 -0.59999999999999998 -0.5 -0.39999999999999991 -0.29999999999999993 -0.19999999999999996 -0.099999999999999978 0 0.10000000000000009 0.20000000000000018 0.30000000000000004 0.40000000000000013 0.5 0.60000000000000009 0.70000000000000018 0.80000000000000004 0.90000000000000013 1
 -1 -0.90000000000000002 -0.80000000000000004 -0.69999999999999996 -0.59999999999999998 -0.5 -0.39999999999999991 -0.29999999999999993 -0.19999999999999996 -0.099999999999999978 0 0.10000000000000009 0.20000000000000018 0.30000000000000004 0.40000000000000013 0.5 0.60000000000000009 0.70000000000000018 0.80000000000000004 0.90000000000000013 1
 -1 -0.90000000000000002 -0.80000000000000004 -0.69999999999999996 -0.59999999999999998 -0.5 -0.39999999999999991 -0.29999999999999993 -0.19999999999999996 -0.099999999999999978 0 0.10000000000000009 0.20000000000000018 0.30000000000000004 0.40000000000000013 0.5 0.60000000000000009 0.70000000000000018 0.80000000000000004 0.90000000000000013 1
 -1 -0.90000000000000002 -0.80000000000000004 -0.69999999999999996 -0.59999999999999998 -0.5 -0.39999999999999991 -0.29999999999999993 -0.19999999999999996 -0.099999999999999978 0 0.10000000000000009 0.20000000000000018 0.30000000000000004 0.40000000000000013 0.5 0.60000000000000009 0.70000000000000018 0.80000000000000004 0.90000000000000013 1
 -1 -0.90000000000000002 -0.80000000000000004 -0.69999999999999996 -0.59999999999999998 -0.5 -0.39999999999999991 -0.29999999999999993 -0.19999999999999996 -0.099999999999999978 0 0.10000000000000009 0.20000000000000018 0.30000000000000004 0.40000000000000013 0.5 0.60000000000000009 0.70000000000000018 0.80000000000000004 0.90000000000000013 1
 -1 -0.90000000000000002 -0.80000000000000004 -0.69999999999999996 -0.59999999999999998 -0.5 -0.39999999999999991 -0.29999999999999993 -0.19999999999999996 -0.099999999999999978 0 0.10000000000000009 0.20000000000000018 0.30000000000000004 0.40000000000000013 0.5 0.60000000000000009 0.70000000000000018 0.80000000000000004 0.90000000000000013 1
 -1 -0.90000000000000002 -0.80000000000000004 -0.69999999999999996 -0.59999999999999998 -0.5 -0.39999999999999991 -0.29999999999999993 -0.19999999999999996 -0.099999999999999978 0 0.10000000000000009 0.20000000000000018 0.30000000000000004 0.40000000000000013 0.5 0.60000000000000009 0.70000000000000018 0.80000000000000004 0.90000000000000013 1
 -1 -0.90000000000000002 -0.80000000000000004 -0.69999999999999996 -0.59999999999999998 -0.5 -0.39999999999999991 -0.29999999999999993 -0.19999999999999996 -0.099999999999999978 0 0.10000000000000009 0.20000000000000018 0.30000000000000004 0.40000000000000013 0.5 0.60000000000000009 0.70000000000000018 0.80000000000000004 0.90000000000000013 1
 -1 -0.90000000000000002 -0.80000000000000004 -0.69999999999999996 -0.59999999999999998 -0.5 -0.39999999999999991 -0.29999999999999993 -0.19999999999999996 -0.099999999999999978 0 0.10000000000000009 0.20000000000000018 0.30000000000000004 0.40000000000000013 0.5 0.60000000000000009 0.70000000000000018 0.80000000000000004 0.90000000000000013 1
 -1 -0.90000000000000002 -0.80000000000000004 -0.69999999999999996 -0.59999999999999998 -0.5 -0.39999999999999991 -0.29999999999999993 -0.19999999999999996 -0.099999999999999978 0 0.10000000000000009 0.20000000000000018 0.30000000000000004 0.40000000000000013 0.5 0.60000000000000009 0.70000000000000018 0.80000000000000004 0.90000000000000013 1
 -1 -0.90000000000000002 -0.80000000000000004 -0.69999999999999996 -0.59999999999999998 -0.5 -0.39999999999999991 -0.29999999999999993 -0.19999999999999996 -0.099999999999999978 0 0.10000000000000009 0.20000000000000018 0.30000000000000004 0.40000000000000013 0.5 0.60000000000000009 0.70000000000000018 0.80000000000000004 0.90000000000000013 1
 -1 -0.90000000000000002 -0.80000000000000004 -0.69999999999999996 -0.59999999999999998 -0.5 -0.39999999999999991 -0.29999999999999993 -0.19999999999999996 -0.099999999999999978 0 0.10000000000000009 0.20000000000000018 0.30000000000000004 0.40000000000000013 0.5 0.60000000000000009 0.70000000000000018 0.80000000000000004 0.90000000000000013 1
 -1 -0.90000000000000002 -0.80000000000000004 -0.69999999999999996 -0.59999999999999998 -0.5 -0.39999999999999991 -0.29999999999999993 -0.19999999999999996 -0.099999999999999978 0 0.10000000000000009 0.20000000000000018 0.30000000000000004 0.40000000000000013 0.5 0.60000000000000009 0.70000000000000018 0.80000000000000004 0.90000000000000013 1
 -1 -0.90000000000000002 -0.80000000000000004 -0.69999999999999996 -0.59999999999999998 -0.5 -0.39999999999999991 -0.29999999999999993 -0.19999999999999996 -0.099999999999999978 0 0.10000000000000009 0.20000000000000018 0.30000000000000004 0.40000000000000013 0.5 0.60000000000000009 0.70000000000000018 0.80000000000000004 0.90000000000000013 1
 -1 -0.90000000000000002 -0.80000000000000004 -0.69999999999999996 -0.59999999999999998 -0.5 -0.39999999999999991 -0.29999999999999993 -0.19999999999999996 -0.099999999999999978 0 0.10000000000000009 0.20000000000000018 0.30000000000000004 0.40000000000000013 0.5 0.60000000000000009 0.70000000000000018 0.80000000000000004 0.90000000000000013 1
 -1 -0.90000000000000002 -0.80000000000000004 -0.69999999999999996 -0.59999999999999998 -0.5 -0.39999999999999991 -0.29999999999999993 -0.19999999999999996 -0.099999999999999978 0 0.10000000000000009 0.20000000000000018 0.30000000000000004 0.40000000000000013 0.5 0.60000000000000009 0.70000000000000018 0.80000000000000004 0.90000000000000013 1
 -1 -0.90000000000000002 -0.80000000000000004 -0.69999999999999996 -0.59999999999999998 -0.5 -0.39999999999999991 -0.29999999999999993 -0.19999999999999996 -0.099999999999999978 0 0.10000000000000009 0.20000000000000018 0.30000000000000004 0.40000000000000013 0.5 0.60000000000000009 0.70000000000000018 0.80000000000000004 0.90000000000000013 1
 -1 -0.90000000000000002 -0.80000000000000004 -0.69999999999999996 -0.59999999999999998 -0.5 -0.39999999999999991 -0.29999999999999993 -0.19999999999999996 -0.099999999999999978 0 0.10000000000000009 0.20000000000000018 0.30000000000000004 0.40000000000000013 0.5 0.60000000000000009 0.70000000000000018 0.80000000000000004 0.90000000000000013 1
 -1 -0.90000000000000002 -0.80000000000000004 -0.69999999999999996 -0.59999999999999998 -0.5 -0.39999999999999991 -0.29999999999999993 -0.19999999999999996 -0.099999999999999978 0 0.10000000000000009 0.20000000000000018 0.30000000000000004 0.40000000000000013 0.5 0.60000000000000009 0.70000000000000018 0.80000000000000004 0.90000000000000013 1


# name: yp
# type: matrix
# rows: 21
# columns: 21
 -1 -1 -1 -1 -1 -1 -1 -1 -1 -1 -1 -1 -1 -1 -1 -1 -1 -1 -1 -1 -1
 -0.90000000000000002 -0.90000000000000002 -0.90000000000000002 -0.90000000000000002 -0.90000000000000002 -0.90000000000000002 -0.90000000000000002 -0.90000000000000002 -0.90000000000000002 -0.90000000000000002 -0.90000000000000002 -0.90000000000000002 -0.90000000000000002 -0.90000000000000002 -0.90000000000000002 -0.90000000000000002 -0.90000000000000002 -0.90000000000000002 -0.90000000000000002 -0.90000000000000002 -0.90000000000000002
 -0.80000000000000004 -0.80000000000000004 -0.80000000000000004 -0.80000000000000004 -0.80000000000000004 -0.80000000000000004 -0.80000000000000004 -0.80000000000000004 -0.80000000000000004 -0.80000000000000004 -0.80000000000000004 -0.80000000000000004 -0.80000000000000004 -0.80000000000000004 -0.80000000000000004 -0.80000000000000004 -0.80000000000000004 -0.80000000000000004 -0.80000000000000004 -0.80000000000000004 -0.80000000000000004
 -0.69999999999999996 -0.69999999999999996 -0.69999999999999996 -0.69999999999999996 -0.69999999999999996 -0.69999999999999996 -0.69999999999999996 -0.69999999999999996 -0.69999999999999996 -0.69999999999999996 -0.69999999999999996 -0.69999999999999996 -0.69999999999999996 -0.69999999999999996 -0.69999999999999996 -0.69999999999999996 -0.69999999999999996 -0.69999999999999996 -0.69999999999999996 -0.69999999999999996 -0.69999999999999996
 -0.59999999999999998 -0.59999999999999998 -0.59999999999999998 -0.59999999999999998 -0.59999999999999998 -0.59999999999999998 -0.59999999999999998 -0.59999999999999998 -0.59999999999999998 -0.59999999999999998 -0.59999999999999998 -0.59999999999999998 -0.59999999999999998 -0.59999999999999998 -0.59999999999999998 -0.59999999999999998 -0.59999999999999998 -0.59999999999999998 -0.59999999999999998 -0.59999999999999998 -0.59999999999999998
 -0.5 -0.5 -0.5 -0.5 -0.5 -0.5 -0.5 -0.5 -0.5 -0.5 -0.5 -0.5 -0.5 -0.5 -0.5 -0.5 -0.5 -0.5 -0.5 -0.5 -0.5
 -0.39999999999999991 -0.39999999999999991 -0.39999999999999991 -0.39999999999999991 -0.39999999999999991 -0.39999999999999991 -0.39999999999999991 -0.39999999999999991 -0.39999999999999991 -0.39999999999999991 -0.39999999999999991 -0.39999999999999991 -0.39999999999999991 -0.39999999999999991 -0.39999999999999991 -0.39999999999999991 -0.39999999999999991 -0.39999999999999991 -0.39999999999999991 -0.39999999999999991 -0.39999999999999991
 -0.29999999999999993 -0.29999999999999993 -0.29999999999999993 -0.29999999999999993 -0.29999999999999993 -0.29999999999999993 -0.29999999999999993 -0.29999999999999993 -0.29999999999999993 -0.29999999999999993 -0.29999999999999993 -0.29999999999999993 -0.29999999999999993 -0.29999999999999993 -0.29999999999999993 -0.29999999999999993 -0.29999999999999993 -0.29999999999999993 -0.29999999999999993 -0.29999999999999993 -0.29999999999999993
 -0.19999999999999996 -0.19999999999999996 -0.19999999999999996 -0.19999999999999996 -0.19999999999999996 -0.19999999999999996 -0.19999999999999996 -0.19999999999999996 -0.19999999999999996 -0.19999999999999996 -0.19999999999999996 -0.19999999999999996 -0.19999999999999996 -0.19999999999999996 -0.19999999999999996 -0.19999999999999996 -0.19999999999999996 -0.19999999999999996 -0.19999999999999996 -0.19999999999999996 -0.19999999999999996
 -0.099999999999999978 -0.099999999999999978 -0.099999999999999978 -0.099999999999999978 -0.099999999999999978 -0.099999999999999978 -0.099999999999999978 -0.099999999999999978 -0.099999999999999978 -0.099999999999999978 -0.099999999999999978 -0.099999999999999978 -0.099999999999999978 -0.099999999999999978 -0.099999999999999978 -0.099999999999999978 -0.099999999999999978 -0.099999999999999978 -0.099999999999999978 -0.099999999999999978 -0.099999999999999978
 0 0 0 0 0 0 0 0 0 0 0 0 0 0 0 0 0 0 0 0 0
 0.10000000000000009 0.10000000000000009 0.10000000000000009 0.10000000000000009 0.10000000000000009 0.10000000000000009 0.10000000000000009 0.10000000000000009 0.10000000000000009 0.10000000000000009 0.10000000000000009 0.10000000000000009 0.10000000000000009 0.10000000000000009 0.10000000000000009 0.10000000000000009 0.10000000000000009 0.10000000000000009 0.10000000000000009 0.10000000000000009 0.10000000000000009
